0 0 0 0 0 1552 0 0 0 7256066 0 0 43694 0 0 0 0 0 0 0 
0 0 0 0 0 0 0 0 0 0 0 0 0 0 0 0 0 0 0 0 
0 0 0 472471 0 206129 0 42050 54866 23205 171717 2374228 47677 0 18491 0 0 0 0 0 
0 0 0 0 0 0 0 0 0 0 0 0 0 0 0 0 0 0 0 0 
0 0 0 0 0 2000 0 0 3659000 157000 6152000 210000 121000 0 623000 634000 3000 135000 1773000 0 
1271078 0 0 0 0 0 510464 0 0 32601443 19100 0 122657 43644412 0 0 0 0 1919 2404 
13705 0 0 0 0 99754 0 0 0 9978 0 0 140328 0 0 1333 0 0 2643 1178231 
0 0 1034000 0 0 0 0 0 0 0 0 0 0 0 0 0 0 0 0 0 
10192 0 303469 34691 2196081 0 0 0 0 5110 447714 0 0 0 124799 290195 1976 0 4835562 0 
98925 0 0 0 0 0 0 0 0 0 0 0 0 0 0 0 0 0 0 0 
0 0 0 0 0 0 0 0 0 0 0 0 0 0 0 100902 0 0 0 0 
0 0 0 69594 0 0 0 0 0 0 0 0 0 0 14126037 0 0 0 0 0 
202647 0 13590 0 0 1235920 8397603 0 101631 57678 2318595 0 0 0 0 0 0 0 106925 54930 
0 0 249761 0 0 3908 0 0 0 73966 0 0 0 0 0 0 0 0 0 0 
0 0 0 24734144 2675786 0 0 0 1995243 6112 2638773 11992694 6678 0 0 0 0 0 68968304 0 
0 0 0 0 38261 0 0 0 4108 0 1478725 0 0 0 0 0 0 0 0 0 
6648 0 18981 720333 1376777 0 0 0 581339 198109 486756 2287734 52045 0 3200 123970 0 147696 1530796 0 
0 0 0 0 0 0 0 0 0 0 0 0 0 0 0 0 0 0 0 0 
62645 0 3491 4519 6925 109253 0 0 58521 2774 155627 73495 0 0 0 0 0 0 0 0 
0 0 0 0 0 0 0 0 0 0 0 0 0 0 0 0 0 0 0 0 
0 0 0 314390 0 0 0 0 0 0 0 0 0 0 0 0 0 0 0 0 
0 0 0 0 0 0 0 0 0 0 0 0 0 0 0 0 0 0 0 0 
0 0 0 0 0 0 0 0 0 0 0 0 0 0 0 0 0 0 0 0 
0 0 0 0 0 0 0 0 0 0 0 0 0 0 0 0 0 0 0 0 
2000 0 81403000 28079000 0 0 0 0 0 0 28671000 0 0 0 0 113200000000 0 0 0 0 
10226364 0 0 64961878 0 0 0 0 0 0 0 0 0 0 0 0 0 0 0 0 
0 0 0 0 0 0 0 0 0 0 0 0 0 0 0 0 0 0 0 0 
0 0 0 0 0 0 0 0 0 0 0 0 0 0 0 0 0 0 0 0 
0 0 0 0 0 0 0 0 0 0 0 0 0 0 0 0 0 0 0 0 
0 0 0 0 0 0 0 0 0 0 0 0 0 0 0 0 0 0 0 0 
0 0 0 0 0 0 0 0 0 0 0 0 0 0 0 44565 0 0 0 0 
0 0 2997488 0 0 0 0 0 0 0 0 0 0 0 487810 0 0 0 0 0 
0 0 0 0 0 0 0 0 0 0 0 0 0 0 0 0 0 0 0 0 
3346385 0 0 6560539 0 9645 0 0 0 0 0 0 0 0 0 0 0 0 0 0 
0 0 16604911 0 4559 0 0 0 0 0 0 0 0 0 0 0 0 0 0 0 
0 0 1931831 0 0 0 0 0 0 0 0 0 0 0 0 0 0 0 0 0 
0 0 0 0 0 0 0 0 0 0 0 0 0 0 0 0 0 0 0 0 
0 0 7101480 0 0 0 0 0 0 0 0 0 0 0 0 1605014 0 0 0 0 
1420046 0 9663169 0 0 0 0 0 0 0 23402640 0 0 0 0 0 0 0 0 0 
0 0 0 0 0 0 0 0 0 0 0 0 0 0 0 0 0 0 0 0 
0 0 0 0 0 65380 0 0 0 4584484 0 0 0 0 0 0 0 0 0 0 
0 0 0 0 0 0 0 0 0 0 0 0 0 0 0 0 0 0 0 0 
7268069 0 0 0 0 0 0 0 0 7471360 0 0 0 0 0 0 0 0 0 0 
0 0 0 0 0 0 0 0 0 0 0 0 0 0 0 0 0 0 0 0 
481000 0 60000 0 0 0 0 0 70290000 284000 0 0 0 0 39000 1000 0 0 3420000 0 
814200000000 0 1535635 0 0 0 0 0 0 15158567 0 0 31103 0 0 0 0 0 0 0 
1641921 0 0 0 0 0 0 0 0 634823 0 0 6883 0 0 0 0 0 1145 0 
675000 0 158000 0 0 0 0 0 0 342000 0 0 0 0 0 0 0 0 0 0 
75307 0 99942 0 5155211 0 0 0 0 261220 0 0 0 0 0 0 0 0 43111368 0 
2431807 0 0 0 0 0 0 0 0 0 0 0 0 0 0 0 0 0 0 0 
0 0 0 0 0 0 0 0 0 0 0 0 0 0 0 30390 0 0 0 0 
0 0 0 0 298430 0 0 0 1648515 0 0 0 0 0 255325 0 0 0 42174 0 
3654251 0 58669 0 0 284757 0 0 260446 5909092 0 0 0 0 0 0 0 0 56274 0 
0 0 0 0 0 0 0 0 0 0 0 0 0 0 0 0 0 0 0 0 
0 0 0 0 309822 0 0 0 9622273 0 0 0 0 0 0 0 0 0 553935 0 
1736028 0 0 0 534123 0 0 0 296335 487130 0 0 0 0 0 0 0 0 1513905 0 
1835752 0 891 0 21771 3388 0 0 69889 76453 0 0 0 0 0 0 0 0 281728 0 
0 0 0 0 0 0 0 0 0 0 0 0 0 0 0 0 0 0 0 0 
38014744 0 8964 0 2039845 0 0 0 10464674 1746911 0 38048 0 0 0 0 0 0 0 0 
204000 0 0 0 0 0 0 0 0 0 0 0 0 0 0 0 0 0 0 0 
0 0 1672 0 15110 6903 264974 705 0 2734321 0 39124 9032 277277 182312 0 0 44535 30119 0 
0 0 0 0 0 16258 20564 0 0 0 0 0 107089 0 0 0 0 0 24938 0 
2613 0 0 0 434284 7299 0 52078 7284 248787 0 83004 0 28234427 229057 0 9863 754011 188887 0 
0 0 0 0 20490 0 0 0 0 0 4488 5866 0 714162 43227 0 0 0 13179 0 
18000 0 32000 266000 0 52000 6000 301000 3686000 10000 29000 178000 78000 125300000000 1435000 63000 873000 226000000000 17651000 467000 
73870 0 951929 0 1906603 0 0 22688 1830 224240 0 9124 6952 260200000000 10680084 0 101089 3148309 1848773 35849 
0 0 0 0 2876 24117 0 0 1199 0 0 0 54537 9050 0 0 0 0 2448 0 
0 0 0 0 48000 0 0 0 0 0 0 6000 0 657000 743000 1000 0 10000 41000 0 
0 0 9218 1256 22712078 88933 0 0 0 0 0 5478 3438 11499021 230560 11326 611569 10962745 764422 0 
1450773 0 0 0 882 5982 0 7281 1315 0 0 28911 0 41397 0 0 0 10921 24391 0 
0 0 86343 10546 542691 1484 0 4667 91872 0 0 112761 0 7699263 13561 450103 16898 3158251 1104493 0 
0 0 705 0 420946 0 0 2491 1057749 0 0 0 0 284092 3482017 1061 3375 365208 996709 0 
7192 0 929 0 35107 26403 25901 0 1531 10839 1023 0 0 51313 590 730 18227 2983 47050 0 
38352 0 39714 0 132117 172057 0 0 115798 205878 0 2855 4782 0 282139 151173 5510 101604 35992 0 
0 0 2660 0 1756525 14791 0 59505 2308119 0 47390 148712 0 3620326 0 13846 14435 3337130 1750254 0 
30044 0 0 8217 182192 513 0 0 81787 5007 106696 102844 0 17244604 43269 0 45965 4662279 1604552 898 
21606 0 23132 34628 22791796 9667 0 3924 1081455 67960 3722 1305 0 16168540 125608 142198 0 8754525 1245412 0 
0 0 0 0 139909 3082 0 0 10710 0 0 0 0 878871 3449 5187 1916 0 7697 0 
456412 0 27104 0 3059255 62256 0 1169 1389994 0 50554 475042 55626 3980141 1054 127820 556925 9065181 0 0 
0 0 0 0 0 0 0 0 0 0 0 0 0 0 0 0 0 0 0 0 
0 0 75957458 0 3088 0 179684 0 43366 124600000000 118820 0 0 0 0 166812 0 0 0 2273 
0 0 0 0 0 0 4781 0 0 0 0 0 6999 0 0 0 0 0 0 0 
0 0 0 100755 76446 0 0 15708 0 321109 0 0 0 0 0 0 0 0 0 0 
0 0 0 0 0 0 0 0 0 37078 0 0 0 0 0 0 0 0 0 0 
9000 0 71561000 334000 0 39000 778000 0 7360000 0 68961000 1154000 79000 0 1415000 316800000000 5053000 166000 78000 22000 
2618260 0 1892000000000 97557885 2307832 0 49301352 0 406270 55593682 2728905 0 88485 25395096 16641 23999890 222203 0 0 340491 
12934 0 597594 0 0 0 0 0 0 133834 0 0 0 0 0 0 0 0 0 0 
0 0 544000 116000 0 0 0 0 0 0 0 0 0 9000 0 0 0 0 0 0 
0 0 19240856 1243408 36535284 1388 2306 0 0 6005 26453662 8171006 0 0 0 170900000000 48627 8658 1208698 0 
126275 0 11132313 0 0 989 0 0 0 0 0 0 19259 0 0 0 0 0 0 0 
0 0 75171 0 77278 0 17737 0 223497 0 0 981 0 0 0 104400000000 50069 0 9337 0 
0 0 0 0 39831 0 0 0 3684 0 0 0 0 0 1385445 143775 35464 0 21455 0 
10659 0 37742 0 2982 0 1021567 0 0 400307 0 0 0 0 0 0 0 0 0 13422 
6794 0 29270608 3285274 224514 300197 655999 0 0 5851720 0 0 0 0 0 67690 0 0 0 20287 
0 0 1746382 18641 450302 0 0 26600 199459 0 1362986 22025596 0 0 0 58963084 4948 0 435891 0 
0 0 0 0 280286 0 0 0 23753 0 2803248 0 0 0 3338 0 0 0 1155 0 
0 0 5370018 0 17102932 0 0 0 485136 0 3335465 0 0 0 0 8890775 0 0 1132 0 
0 0 26211 0 24922 0 0 0 0 0 0 0 0 0 0 506045 0 0 0 0 
0 0 159200000000 1973681 3650233 42363 116441 0 472411 433606 24550764 491445 9141 0 3806 498200000000 165034 0 0 0 
0 0 0 81000 0 0 300000 0 125000 482000 0 0 0 0 0 195000 0 0 0 0 
0 0 17706624 0 0 0 0 0 0 64393646 1754566 0 0 365626 0 235431 0 0 0 0 
0 0 0 0 75755 1258 96213 0 0 0 0 0 1942899 4295 0 0 0 0 78247 0 
0 0 0 0 0 0 0 0 0 0 0 0 0 0 0 0 0 0 147790 0 
0 0 3362426 0 0 0 0 0 0 0 0 0 0 0 0 0 0 0 0 0 
0 0 19820000 282000 0 0 0 0 8803000 0 55303000 0 0 0 13000 233500000000 19443000 15000 16397000 0 
0 0 221200000000 0 0 0 0 0 0 0 0 0 0 0 0 10005623 0 0 0 0 
0 0 17429465 0 6593252 409461 0 0 3153896 4877830 1001905 0 1092739 161876 0 2440408 32576 0 6854527 0 
0 0 2489000 0 0 0 0 0 63000 0 0 0 0 0 0 0 227000 0 0 0 
0 0 36203368 6698 33035764 0 0 0 0 0 34007572 0 0 0 8659 61724812 206463 0 6167293 0 
1406 0 0 0 0 0 0 0 0 0 0 0 0 0 0 0 0 0 0 0 
0 0 17475 0 32179 0 0 0 5075 0 0 0 0 0 0 2090400 2357 0 281435 0 
0 0 5279471 0 427488 0 0 0 0 0 5061666 0 0 0 3072724 11779755 0 0 1716957 0 
0 0 25660104 0 921530 1871299 138411 0 84398 3136176 4144903 0 0 24416 0 10184460 0 0 11080 0 
2946677 0 24407166 1278441 112042 2876743 228632 0 0 0 0 0 0 0 0 7791130 0 0 15750 0 
0 0 15775978 158446 12847649 6484 0 17307 3015993 0 15574745 135484 0 0 0 54060304 0 0 4388393 0 
0 0 2108117 0 437698 0 0 0 0 0 1015732 0 0 0 0 0 3081 0 450024 0 
0 0 0 0 14072137 0 0 0 9877 0 3670281 0 0 0 0 2853973 0 0 1272295 0 
0 0 7360339 0 7191654 0 0 0 1586259 0 5249009 0 0 0 0 17119887 0 0 0 0 
0 0 164900000000 1272971 1039336 0 0 0 15473529 0 93462752 206530 0 0 0 200400000000 0 0 0 0 
0 0 0 0 0 0 0 0 0 0 0 0 0 0 0 0 0 0 0 0 
0 0 162196 0 3900570 432592 27616 0 980127 145726 0 0 8942682 131237 0 245664 5445 0 1264409 0 
8590 0 0 0 1847 5066 101223 0 0 0 1641 0 336524 0 0 0 0 0 17269 0 
169366 6573564 0 0 2144498 67378 2858866 1878 9313590 0 0 28969954 0 4122581 4133104 1964 7428925 6289871 24004545 0 
0 0 30274 0 61479 36514 0 0 1008 0 0 0 0 0 0 0 0 0 0 0 
0 0 0 0 0 0 0 0 0 0 0 0 0 0 0 0 0 0 0 0 
291848 0 81343 0 4991601 0 721983 0 2807135 0 163746 0 3882287 551140 15367 230197 295527 0 473313 0 
327291 0 0 0 1583488 2817454 0 0 195402 0 0 0 8148170 308104 0 466052 1905 0 717364 0 
0 0 0 0 0 0 0 0 0 0 0 0 0 0 0 0 0 0 0 0 
0 0 2731760 0 18348692 66406 1424 0 0 0 475952 5671 11704 0 107977 1523617 115052 0 15335322 0 
17645861 0 41634 0 703000 184493 0 0 298938 0 0 0 627412 227909 0 60654 6047 0 301510 0 
32080 0 7484 0 732833 0 0 0 1842799 0 0 0 0 0 1055 2395136 1649 0 1442587 0 
0 0 0 0 0 0 0 0 0 0 0 0 0 0 0 0 0 0 0 0 
546372 0 0 0 867315 1805954 318212 0 593642 5711 0 0 0 548488 0 13726 9397 0 543316 0 
600018 0 37658 0 384968 8867328 2349 0 31764 0 0 0 132938 0 11246 5714 32925 0 1261774 0 
0 0 0 0 0 0 0 0 0 0 0 0 0 0 0 0 0 0 0 0 
0 0 0 0 0 0 0 0 0 0 19387004 0 0 0 0 0 0 0 0 0 
0 0 0 0 2198407 0 0 0 28969 0 0 859 0 0 6422 121178 0 0 223695 0 
0 0 0 0 2951842 54687 0 0 665221 0 0 55012 770 891 14282 2426953 199914 0 344132 0 
31378 0 1225519 0 27653468 966324 0 1222 27374184 0 4113693 921614 41852 7776 0 13104582 57583 0 0 0 
0 0 0 0 0 0 0 0 0 0 0 0 0 0 0 0 0 0 0 0 
0 0 0 0 0 176723 199253 0 0 0 0 0 0 0 0 0 0 0 0 0 
0 0 0 0 0 0 0 0 0 0 0 0 2040 0 0 0 0 0 1508 0 
0 0 0 0 0 0 0 0 0 0 0 0 0 0 0 0 0 0 0 0 
0 0 0 0 0 0 0 0 0 0 0 0 0 0 0 0 0 0 0 0 
0 0 0 0 0 0 0 0 5818000 0 0 0 0 0 0 0 2000 0 81000 0 
0 0 5324539 0 0 0 0 0 0 0 0 0 0 0 0 0 0 0 0 0 
0 0 0 0 0 0 0 0 0 0 0 0 37068 0 0 0 0 0 0 0 
0 0 0 0 0 0 0 0 0 0 0 0 0 0 0 0 0 0 0 0 
0 0 0 0 568021 0 0 0 0 0 0 0 0 0 0 0 0 0 4508 0 
0 0 0 0 0 0 0 0 0 0 0 0 0 0 0 0 0 0 0 0 
0 0 0 0 0 0 0 0 3222421 0 0 0 0 0 0 1165 0 0 0 0 
0 0 0 0 0 0 0 899557 0 0 0 0 0 0 40754 0 0 0 0 0 
5863 0 0 0 0 39863 1648326 0 0 0 0 0 0 0 0 0 0 0 10620 1320 
0 0 0 0 0 132690 0 0 0 0 0 0 0 0 0 0 0 0 0 0 
0 0 0 0 2405307 0 0 936780 6000883 0 0 3219035 0 0 0 0 0 0 1112666 0 
0 0 0 0 2619771 898 0 0 1027 0 1041925 0 0 0 0 0 0 0 1155 0 
0 0 0 0 601093 0 0 0 0 0 0 0 0 0 0 0 0 0 0 0 
0 0 0 0 2973 0 0 0 0 0 0 0 0 0 0 0 1922196 0 0 0 
0 0 0 0 0 27245 0 0 0 0 0 0 0 0 0 0 0 0 0 0 
0 0 0 0 0 0 0 0 0 0 0 0 0 0 0 0 0 0 0 0 
0 0 918204 0 741058 1993811 890786 0 170508 3454485 0 0 1814660 803248 0 443235 66925 0 1938426 0 
0 0 0 0 0 0 9963 0 0 0 0 0 57687 1879 0 0 0 0 0 0 
0 0 0 0 840739 102572 0 140156 177946 0 321497 0 0 92363 0 772653 189121 0 879690 0 
0 0 3952 0 487177 5475 0 10695 2302 0 0 0 0 11156 19546 613698 782 0 272106 0 
1000 0 1000 0 0 8656000 1000 81000 15024000 401000 494000 27000 20000 111000 161000 13844000 21652000 93000 7257000 0 
508723 0 60871 0 3351341 0 1445598 0 85946 0 0 0 2029700 3353584 0 1221977 154308 0 4743668 0 
226058 0 3260 0 2468675 7717668 0 0 274518 6187 0 0 2092098 292765 0 464125 114448 0 1562355 0 
0 0 328000 0 891000 318000 0 0 24000 22000 0 0 0 8000 473000 366000 565000 0 140000 0 
3209 0 21967 0 54911196 677114 0 0 0 0 837981 4521 0 21970 162490 4926133 1694572 0 6154434 0 
5273305 0 814030 0 92090 668318 11413 0 82009 0 0 0 82153 452581 0 0 0 0 693790 0 
0 0 0 0 2252223 5863 0 0 179027 0 0 3717 0 45723 137950 9516457 307843 0 1893868 0 
0 0 8853 0 1584516 4333 0 0 123970 0 512 0 0 23500 3850607 57940 29998 20413 381082 0 
463325 4791 64635 0 678930 2226038 626092 0 462218 36302 37683 0 0 574090 59911 1976419 28107 0 894370 0 
0 0 94401 0 33684 12004296 0 0 0 1397 0 0 1238 0 0 897884 895 0 149333 0 
0 0 0 0 14445530 417045 0 0 3145005 0 0 2071156 0 27949 0 470365 1795922 0 3624756 0 
26834 0 5264 0 10672834 239841 0 0 2119673 0 4119425 19387 0 97195 57264 0 610389 0 3295771 0 
0 0 0 0 32429664 1697945 0 0 375960 0 6169 1440 0 2385 201801 722373 0 69162 1346703 0 
0 0 42335 0 2783729 0 0 0 1077292 0 0 0 0 10576 11190 724553 151131 0 557975 0 
1642 0 282017 14653 37392032 2305843 36313 613696 3508370 1518239 9360 532615 161575 723960 0 13474532 1408068 0 0 0 
0 0 0 0 0 302000 1014000 0 0 0 0 0 633000 253000 0 0 0 0 0 0 
0 0 0 0 92110 414880 0 0 0 0 0 0 0 0 0 0 0 0 15178 1230 
0 0 0 0 0 0 0 0 0 0 0 0 0 0 0 0 0 0 0 0 
0 0 0 0 1932 0 0 260969 0 0 0 0 0 6647 16779 0 0 0 487247 0 
0 0 0 0 0 0 0 0 0 0 0 0 0 0 0 0 0 0 0 0 
0 0 14000 0 0 0 0 1000 2254000 0 68000 28000 0 0 280000 200000 553000 58000 743000 1000 
401847 0 10649 0 16704 0 214712 0 65670 0 0 9285 2015462 587501 215493 0 0 0 44740 2350 
6093 0 0 0 0 22348 0 0 0 0 0 0 194531 21654 7859 11986 0 0 68628 0 
0 0 5000 0 43000 0 0 0 0 0 0 0 0 0 9000 0 0 0 0 0 
0 0 15046 0 5327105 10898 0 0 0 0 0 0 0 0 41254 208356 85481 0 249151 0 
27762 0 0 0 0 0 0 0 0 0 0 0 0 0 0 0 0 0 84674 0 
0 0 0 0 182322 0 0 0 896 0 0 58408 0 0 1136 2092837 0 0 135246 0 
0 0 0 0 1010831 0 0 0 0 0 0 0 0 0 624958 0 48915 0 1374 0 
23302 0 0 0 0 17639 2698376 0 0 0 0 0 0 1735 0 0 0 0 193904 4572 
0 0 0 0 20298 5173 0 0 0 0 0 0 0 0 0 0 0 0 0 0 
0 0 0 126422 362115 0 1412 0 10158 0 0 22709 0 0 0 0 5526 0 59679 0 
0 0 0 0 173461 0 0 0 86409 0 107851 0 0 0 0 0 47120 0 380177 0 
0 0 0 0 2383127 5096 0 0 191660 0 0 0 0 0 39934 12435 0 0 128690 0 
0 0 0 0 28393 0 0 0 0 0 0 3353 0 0 0 0 0 0 0 0 
1201 1848 0 42794 122288 0 19165 0 566058 0 0 0 0 0 0 37246 0 0 0 0 
0 0 0 0 0 0 0 0 0 0 0 0 0 0 0 0 0 0 0 0 
0 0 0 0 0 0 0 0 0 0 0 0 0 0 0 0 0 0 0 0 
0 0 0 0 0 0 0 0 0 0 0 0 5226 0 0 0 0 0 0 0 
136823 0 0 0 13835729 0 0 0 585831 0 0 0 0 0 0 0 0 0 5179350 0 
0 0 0 0 0 0 0 0 0 0 0 0 0 0 0 0 0 0 0 0 
0 0 0 0 0 0 0 0 6084000 0 0 0 0 0 0 75000 5000 65000 14766000 0 
5396230 0 0 0 158587 0 0 0 12649 0 0 0 0 2828954 0 0 0 0 1000904 0 
1261405 0 0 0 3466 0 0 0 6883705 0 0 0 7111 0 0 0 0 0 0 0 
0 0 0 0 274000 0 0 0 0 0 0 0 0 0 0 0 0 0 0 0 
0 0 11253 0 17832816 0 0 0 0 0 0 0 0 0 16593 0 0 0 88115 0 
0 0 0 0 0 0 0 0 0 0 0 0 0 0 0 0 0 0 0 0 
0 0 0 0 18100204 0 0 0 0 0 0 0 0 0 0 37159 0 0 8482592 0 
0 0 0 0 47528 0 0 0 0 0 0 0 0 0 34240 0 0 0 0 0 
2500397 0 0 0 0 0 5481 0 10586490 0 0 0 0 0 0 0 0 39194572 11777 0 
1550888 0 5949697 0 5837 44600644 0 0 0 0 354173 0 0 0 0 0 0 16404337 0 0 
0 0 0 0 57652 0 0 0 148660 0 0 0 0 0 0 0 0 395798 0 0 
0 0 0 0 23624 0 0 0 0 0 0 0 0 0 0 0 0 0 147911 0 
0 0 0 0 12147059 0 0 0 0 0 0 0 0 0 0 0 0 0 9137382 0 
0 0 0 0 0 0 0 0 3804330 0 0 568338 0 0 0 0 3287847 0 0 0 
0 0 0 0 5497903 0 0 0 6567099 0 0 371075 0 0 0 12742 0 48521 0 0 
0 0 0 0 0 0 0 0 0 0 0 0 0 0 0 0 0 0 0 0 
0 0 19158 0 28136 325997 107260 0 200784 121483 6737 0 459214 25117 0 158714 0 0 200514 0 
0 0 0 0 0 0 0 0 0 0 0 0 0 0 0 0 0 0 0 0 
0 0 0 0 1326199 120441 2221 5500 269399 1023069 320846 0 2618 79803 0 120644 4596 0 1476032 0 
3511 0 32901 0 341541 1031 0 0 0 226018 0 0 0 0 61957 0 135429 0 79839 0 
4000 0 1372000 0 0 159000 3000 2546000 114500000000 12000 6241000 82000 0 1000 3953000 32099000 75871000 703000 29344000 0 
58978 0 44722 0 2935902 0 292234 0 305171 1737366 0 0 6268089 44120857 395055 240774 1497444 46418 4834180 8487 
1835945 0 6969 0 483708 10530449 0 0 4741362 8989 12202 0 3576164 3778540 73509 170634 189535 0 2132054 0 
8000 0 958000 0 1458000 11538000 0 0 98000 536000 0 0 0 0 6589000 61000 4000 0 47000 0 
1379067 0 550051 0 76731912 88280 0 0 0 5081 1797724 253388 13500 0 531477 11306199 1535455 640529 9784502 15292 
1743123 0 142868 0 6721 5854 163174 0 8842 0 0 0 5119 1065 0 1815 0 0 175834 0 
9596 0 255222 0 10191851 1076885 0 0 2591928 0 0 4027 0 0 31062 30058466 718289 0 10159844 0 
0 0 7613 0 3180186 6276 0 0 824475 0 8148 0 0 0 6532487 464676 1324678 0 1681327 0 
3871941 2180 661287 0 7787184 77423648 15550497 0 1942849 562360 124137 0 0 3156121 59459 234782 710457 0 10173968 17949 
382422 0 87955 0 13927341 4148962 10374 0 125123 25735 0 0 827 0 225404 0 326346 0 956085 0 
0 0 101699 0 6616178 550151 0 8693 1207461 0 274139 1120669 0 0 0 513207 800786 0 6302976 58784 
113757 0 218014 0 7248411 5649 146241 0 1526231 8859 6906110 0 18745 0 9115 0 112859 0 3809222 0 
3673 0 0 0 104200000000 839 0 0 9154077 0 103395 1105639 2896 0 651286 1920343 0 222095 3448812 0 
0 0 8117 0 7380746 62155 0 0 201988 142313 0 0 0 6868 114614 234086 408507 0 2383043 0 
8546 0 591321 0 8935535 2820904 5575 0 12118683 757547 6182733 1231548 140395 0 0 4941037 1595255 13143 0 0 
0 0 0 0 917000 237000 659000 0 118000 0 80000 0 264000 113000 0 77000 0 0 0 0 
0 0 177442 0 3157560 5557318 10599 0 406094 716870 97757 0 77828 159724 89624 295422 481678 0 1330055 0 
0 0 0 0 0 0 0 0 0 0 0 0 0 0 0 0 0 0 0 0 
53287 0 0 0 1870183 2060003 0 238621 201361 0 64604 0 0 609 75768 3521878 102503 0 1457262 0 
40852 0 89929 0 703080 248192 0 7903 19274 1736 106225 0 0 1332 60878 187826 15309 0 38134 0 
37000 0 465000 0 0 1294000 1000 21000 1264000 0 652000 16000 19000 4000 367000 2667000 11848000 1000 1483000 0 
339917 0 95321 0 1461774 0 0 0 67626 0 100874 0 10442 6432 9231 77674 395307 0 402206 0 
313989 0 120630 0 1842991 10848076 0 0 14561631 7912 4441 0 1271453 142145 19330 100190 86135 0 1935528 0 
54000 0 70000 0 686000 25648000 0 0 23000 0 1000 0 7000 0 10640000 41000 118000 0 101000 0 
23597 0 9704 0 3689516 561035 0 0 0 990 181974 969 5181 95146 0 3282176 2619484 27610 320154 0 
836486 0 136788 0 1531801 790090 1380 0 69521 0 75472 0 11805 1142 65897 158601 203800 675 561413 0 
0 0 7068 0 4361788 197390 0 0 1177632 0 0 2020 17406 134165 61848 2728726 582594 508 3375938 0 
0 0 1696 0 2510489 595829 0 0 314413 0 3182 0 0 0 2168882 331513 77731 0 298991 0 
2341318 0 194621 0 7186964 17332876 1890775 0 1897725 12934 779764 0 0 1584085 394400 1612367 408672 16023 3348727 0 
12332 0 9437 0 9099921 27248260 0 0 180205 0 3481232 0 14368 0 54889 177248 128485 0 7455835 0 
18904 0 63946 0 5753935 1010346 0 0 462151 0 1572776 368886 622 6046 0 366862 414778 0 801850 0 
5135 0 54696 0 5064027 348592 0 0 62656 0 438597 0 5264 0 444760 0 414202 0 861530 0 
1646 0 24801 0 7233176 330761 0 0 637915 3429 11498 0 0 971 329983 869019 0 1015 1233327 0 
0 0 4667 0 6146530 2161040 0 0 840270 0 0 0 5134 830 131827 114876 345194 0 1352396 0 
283647 84743 493615 13137 25118972 3310547 137293 0 738075 124962 2680044 683535 734483 28714 104429 1843457 2138014 34421 0 0 
0 0 0 0 356000 1471000 0 0 0 0 0 0 734000 892000 0 103000 0 0 1863000 0 
0 0 4078674 0 6975255 77738862 5929741 1162782 179928 1096939 38992 0 146400000000 554030 3143 262596 354781 0 11679902 0 
2497 0 2353 0 8352 6429 162081 0 2198 863 0 0 343219 0 0 2716 0 0 439688 0 
62685 0 0 0 721541 53640968 201614 5386355 57022 0 6881 0 17283405 9315572 21968 93821 65915 0 1508114 0 
29921 0 113641 0 684260 892814 200350 272114 147813 0 0 0 497764 1082669 36720 2085 46378 0 739378 2916 
200000 0 1902000 1000 0 157900000000 64000 21000 23088000 394000 305000 155000 26594000 7116000 1149000 1569000 3802000 44000 55160000 0 
44874 0 146835 0 7538118 0 11491575 2476 2675910 0 41465 0 151500000000 352854 2126 263337 94585 0 1539430 0 
849596 0 2593 0 3554671 4325473 0 0 7851 21732 0 0 2782346 26642 39941 4055 0 0 171249 0 
13000 0 901000 7000 668000 3796000 3000 0 108000 0 7000 0 29004000 273000 6177000 12000 504000 0 501000 0 
96154 22273 32950 0 33690928 4690945 1106 3451 0 8324 53766 192192 45730596 744757 338705 226123 313285 0 74605856 0 
7401981 0 101853 0 1152070 9443408 4429 19081 45395 0 2076 0 1078982 79372 0 167940 994994 0 1438019 0 
1681 0 256621 0 3740465 9104496 0 0 818210 0 0 0 8370627 592590 471425 1234449 175767 0 2954455 0 
0 0 9670 0 14789647 1376377 2270 0 3536290 0 107062 0 629341 490565 1246949 75238 887009 0 2729888 0 
9829661 6070 1157198 0 7354663 48631564 23580330 665663 2770004 54498 209102 4290 0 4480738 3177 320684 646269 0 8562746 1486 
848733 0 41964 0 307769 10103126 0 2585 294702 0 129998 6989 4418300 0 2644 1578704 4846479 0 253701 0 
0 0 189304 3117 8463370 29799752 10980 79021 3085953 0 24321 69568 7166141 277297 0 225551 181141 0 5640130 0 
22982 0 41728 0 1958537 12838472 3466 0 660207 0 691021 1283 10225634 512424 168454 0 525520 0 22321212 0 
0 0 320159 0 23166608 3114975 629 0 4074630 0 25599 10549 11810462 264429 29405 203992 0 0 34609012 0 
0 0 184609 0 8989829 1526411 0 0 5219613 0 1607 23994 1788334 147280 36478 0 50360 0 5670015 0 
765107 11260 3358701 5102 150200000000 287300000000 199740 10742 22791876 132613 1512199 3069200 30791204 3996688 388895 3585926 4175221 29760 0 0 
0 0 0 0 0 0 0 0 0 0 0 0 0 0 0 0 0 0 0 0 
0 0 769891 0 3179375 10349321 1314406 190365 492760 7424715 208096 0 567879 1432204 38956 4306544 444439 0 3448186 0 
876 0 0 0 684 201749 2608 0 5431 0 632 0 111242 0 0 1327 0 0 8240 0 
158103 0 0 0 2119951 9131972 26085915 2848469 568457 72083 15780 0 707866 2278045 24263 844912 1265184 0 17256564 0 
1586 0 476641 0 624573 1303019 11753 14105 226880 10029 5343 0 2928 278883 443884 179710 145703 1047 144753 0 
429000 0 6865000 1000 0 45200000 12003000 459000 9167000 1175000 4571000 161000 3204000 6870000 4717000 12531000 28872000 1484000 52724000 4000 
447709 0 2258390 0 5624355 0 51413795 141846 358228 2350 142950 4656 39692767 10480237 74085 3926722 954531 0 3579089 0 
1150553 8936 95515 0 656216 10575283 0 8270 536092 1039884 3916 0 15564016 137573 51266 5763705 536963 0 2556613 0 
0 0 723000 0 3286000 1753000 0 0 89000 17000 0 0 111000 76000 213000 811000 171000 0 1570000 0 
135893 0 722187 0 28497852 9811137 1442349 21718 0 12353 601514 298069 161946 73037 1165759 3719238 3980620 18524 11575659 0 
723975 0 227071 0 747902 838849 37428 15509 248598 0 174483 0 58255 36771 39104 274367 589967 0 688074 0 
11840 0 213668 0 6185488 2608571 58785 55927 657146 8793 0 19585 285941 63864 237226 5576762 6418409 0 2162594 0 
0 0 115146 0 18795100 404683 19242 1069 1662783 0 80491 0 101683 14122 1964797 106346 487520 3384 1332297 0 
783245 0 950762 0 2671154 19619392 14603517 126655 1195743 303226 327403 300056 0 1270614 328947 2244028 715515 0 4342488 0 
153822 0 309433 0 3732303 33813576 1515085 677 76266 0 43207 0 1072753 0 56753 5466817 433572 0 30743400 7355 
0 0 1101092 0 9816987 6637374 29135 54258 2817049 0 192431 514244 120670 665400 0 3133416 1674970 5131 4227173 0 
109392 0 341145 0 13023618 5104985 187199 90390 1780453 5777 6324866 10913 309688 379920 588562 0 2834062 0 4816866 0 
9426 0 397471 0 49111808 8165002 674278 7854 2742372 8771 78790 18041 900479 94925 319157 1193550 0 52265 4577936 0 
619 0 45287 0 5263338 889571 20953 0 199871 0 114851 0 13428 32322 50314 88694 1113606 0 3928540 0 
143975 6246 3180647 15698 36618540 28962552 3564463 13357 13820699 514975 1134610 1488235 2640170 555096 0 6642117 6249713 37292 0 0 
0 1000 48000 0 302000 202000 0 0 0 0 0 0 285000 163000 0 0 115000 0 125000 0 
0 0 1285519 0 85168 6273889 74496 3302 37190 1179772 71626 0 113625 14376 16865 383306 967 0 1633661 0 
1585 0 1409 0 20453 550151 0 0 43679 248944 0 0 170348 0 0 0 0 0 7770 0 
148242 0 0 0 650918 3605395 6368 5143686 2558 9239 0 0 78125 316233 0 4497 1111957 0 1146615 0 
0 0 159667 0 558 603474 4237 0 726 0 747 0 0 0 31201 0 0 0 1329 0 
13000 0 57000 1000 0 849000 0 6000 999000 0 162000 65000 2000 317000 0 1236000 507000 84000 14782000 0 
0 0 214928 0 195262 0 0 381867 111819 5544 6961 0 2287 82303 0 19073 0 0 107037 0 
20782 0 5041 0 4078499 23555825 0 0 0 83024 6061 0 211860 9865 0 2281160 0 0 1606959 0 
0 0 485000 0 566000 3071000 0 0 0 4000 0 0 371000 0 9399000 0 3000 0 15000 1000 
0 0 33016 0 947327 250714 711 0 0 0 47328 0 952 0 12014 266538 14559 0 832028 0 
147375 0 0 0 3545 1438222 0 0 1764 0 695 0 0 16221 0 3663699 5609 0 489529 0 
13135 0 11256 0 1823236 332181 1813 0 119717 0 0 3819 0 315958 0 235691 76323 0 2416013 0 
0 0 1380 0 563851 1012596 0 0 30155 0 10203 0 0 14450 593710 42041 202460 0 245423 0 
122335 4236 0 0 1150253 1474203 178450 0 7100 20812 11168 0 0 547 0 1176 0 3119 147634 0 
104210 0 1566402 0 657745 5029445 0 0 0 0 0 0 0 0 0 0 0 0 109492 0 
0 0 23626 0 483016 1230149 4383 0 29729 0 15906 0 0 0 0 27427 735 0 708986 0 
0 0 0 0 214034 98478 0 0 128266 0 48276 0 0 3851 14380 0 3053104 0 1340700 0 
0 0 5235 0 5841300 46640 0 0 309636 0 271344 0 0 528 634 574278 0 0 225110 0 
0 0 0 0 1565492 5779453 0 0 124505 0 102555 0 3687 0 0 168025 0 0 1465558 0 
96858 8510 1191998 0 5450400 1090384 46329 0 1437180 12961 232836 330259 318757 171311 22509 1147987 207613 0 0 1632 
165000 0 0 0 999000 2740000 43000 0 0 0 0 0 275000 0 0 1086000 0 0 566000 0 
0 0 255548 0 13646043 18201034 1752846 560572 1755236 630119 1349464 444055 1465332 383374 28253 1249875 1673200 0 9472373 0 
0 0 0 0 0 0 0 0 0 0 0 0 0 0 0 0 0 0 0 0 
507455 0 0 0 15749931 21326376 10322 379561 686993 57532 70979 0 1677076 148304 210172 987921 2527922 0 3379331 0 
1438 0 313087 0 3198628 4066443 71731 129468 154304 44602 0 0 0 315202 551920 42613 635079 0 392648 0 
443000 0 1224000 5000 0 176900000000 18067000 213000 34711000 193000 551000 4398000 350000 1984000 1865000 23159000 42250000 86000 37617000 0 
585994 0 1477393 0 92113585 0 207723 165648 308266 297500 633435 48642 67099684 834107 229497 7431753 5343864 0 5137073 0 
64522 0 93831 0 1864642 2759442 0 0 42104 15265 7632 213048 974478 16684 17886 21776 394740 0 891757 0 
0 0 99000 0 12278000 1482000 194000 0 651000 0 16000 0 0 303000 512000 122000 1829000 0 2207000 0 
195361 0 943962 0 57485732 14002907 23900 1482 0 348536 287799 172514 7064736 4666497 414169 11350583 3779638 7858 14814405 0 
2167518 0 64033 0 2027732 3682861 56544 8208 516248 0 68421 10935 625766 49451 0 451550 385409 0 2134988 0 
63275 0 154019 0 12168934 1396872 9858 812 2376147 39848 0 541318 44173 12695 56986 5832919 1473756 1743 4341297 0 
16970 0 252578 0 22773080 1755412 18472 637724 1844260 9326 25240 0 274392 156181 3735172 1905455 1604696 0 3245300 0 
1679280 23995 257088 0 8696852 17640576 2292781 18783 892479 138266 187989 13053 0 251868 41636 673199 1003282 0 2782712 0 
406146 0 246781 0 15067001 38615172 106925 81820 1945064 9468 26113 0 894629 0 14485 1292330 1833528 0 3244987 0 
19518 0 206449 0 66879520 35215064 315031 34390 13470022 50436 1087228 1032914 50750 343865 0 5053327 2922527 0 10987469 0 
412533 0 513451 0 27276362 12833722 22340 6548 3281647 103743 2159989 1039871 1568216 120819 32612 0 3842862 0 6171819 0 
62031 0 103818 0 60551308 5274194 90836 0 4409512 36629 124003 919917 78191 3751 240790 1446810 0 0 4211250 0 
1020 0 132292 0 28741314 18199534 27868 0 4868780 14339 264020 252638 151132 795142 989689 3656106 1670700 0 8808390 0 
3644254 0 2480668 2160 52528296 24547900 933823 4587 26150984 856737 7550993 2051745 899299 207014 0 16846162 9982070 48471 0 0 
947000 0 313000 0 4232000 4953000 1607000 0 108000 0 0 0 3246000 935000 371000 122000 991000 0 585000 0 
0 0 0 0 60390720 200400000000 0 0 6423 40860 0 0 0 0 0 11437 0 0 62405319 0 
0 0 0 0 0 0 0 0 0 0 0 0 0 0 0 0 0 0 0 0 
0 0 0 0 105700000000 70593376 0 87316339 0 0 0 0 0 13313 0 0 15500 0 30408392 0 
0 0 291708 0 652747 2356138 0 0 0 0 0 0 0 0 0 0 0 0 689479 0 
58000 0 22848000 14000 0 95157000 0 4000 2214000 57000 311000 0 0 0 651000 7965000 6230000 81000 17198000 0 
213573 0 34472771 0 1053000000000 0 0 4207 0 0 0 0 0 0 0 80392 48580 0 151100000000 0 
41944 0 0 0 6109340 5920156 0 0 0 0 0 0 0 0 0 0 0 0 3696808 0 
0 0 925000 0 19683000 0 0 0 0 0 0 0 0 0 0 0 0 0 0 0 
74182 0 2267335 0 63937112 4651981 12070 0 0 0 11033 0 538 0 0 620537 150426 0 34500992 0 
81005849 0 0 0 10460923 4682855 0 0 0 0 0 0 3473 0 0 17209 0 0 6318923 0 
0 0 605084 0 3161178 102388 0 0 64238 0 0 0 0 0 34519 213432 28308 0 1856631 0 
0 0 89935 0 461312 306311 0 0 0 0 0 0 0 0 2130420 0 76028 0 796531 0 
27089 0 0 0 37683448 6985259 682008 87347 61938 0 0 0 0 0 0 0 0 0 29138968 0 
0 0 708224 0 3197229 658136 0 0 0 0 0 0 0 0 0 0 0 0 503080 0 
0 0 1977409 17633 66324024 6959833 0 0 93640 0 0 0 0 0 0 0 36308 0 12301396 0 
18874 0 127881 0 7930317 1277787 0 0 0 0 26449 0 0 0 14765 0 13738 0 3168660 0 
11693 0 958468 4625 153500000000 19696704 0 0 96965 116116 0 0 0 20416 0 64094 0 0 40625952 0 
0 0 195678 0 12698721 136741 0 0 57825 0 0 0 0 0 0 0 0 0 1208997 0 
108812 0 1074556 77348 301700000000 75703064 145830 0 89611 1307074 86114 0 515718 35432 37539 795439 9262150 37539 0 0 
0 0 0 0 0 0 0 0 0 0 0 0 0 0 0 0 0 0 0 0 
0 0 39683 0 26144 43865 16328 0 0 15347 0 0 104658 0 0 3691 10432 0 305388 0 
0 0 0 0 0 0 0 0 0 0 0 0 0 0 0 0 0 0 0 0 
3816 0 0 0 812205 563886 0 0 9638 0 10366 0 0 0 0 14998 112609 0 2640078 0 
0 0 1290 0 7847 2216 0 0 0 0 0 0 0 0 0 0 0 0 0 0 
64000 0 1707000 0 0 199000 2000 6000 874000 149000 115000 3000 29000 13000 236000 308000 1104000 529000 4161000 0 
62602 0 1169378 0 988523 0 0 0 73439 0 52339 0 0 0 17566 272587 168671 0 2072610 0 
115013 0 5457 0 1140757 273748 0 0 48031 0 0 0 519070 0 0 0 17316 0 2487535 0 
0 0 134000 0 22000 23000 172000 0 2073000 0 0 0 0 1000 50000 0 82000 0 24000 0 
10714 0 908015 159897 1824341 150813 384138 309410 0 0 425444 0 1095740 36789 54691 733650 7578662 12863 21448018 0 
9644 0 12027 0 1625 881 0 0 0 0 4424 0 7721 0 0 45129 317605 0 1016885 0 
0 0 312249 0 40051 35945 0 0 93594 0 0 0 0 0 0 32428 29441 0 492308 0 
0 0 2855 0 180121 560 0 0 2794 0 0 0 0 0 0 0 112075 0 3128600 0 
771530 50155 269373 0 112321 1113768 659180 0 604452 92043 30969 9139 0 735924 0 13456 72012 0 4586324 0 
0 0 0 0 17707 7414 0 0 0 0 0 0 0 0 0 0 0 0 10868 0 
0 0 2225 0 474058 28518 0 0 16209 0 0 0 0 0 0 0 407882 0 7522884 0 
0 0 22469 0 719140 15407 0 0 128780 0 101945 0 1540 0 0 0 34409 0 1956868 0 
0 0 287409 0 638274 0 0 0 716083 0 6193 0 90275 0 424212 138702 0 0 3497439 0 
0 0 0 0 186427 2825 0 0 0 0 0 0 0 0 0 0 105536 0 468601 0 
8057985 1940311 7827042 3668 34896068 1847770 2284166 0 19000418 309801 4472030 4986320 4815259 5021458 119130 14663517 27668984 7350370 0 0 
0 0 0 0 0 3207000 0 0 0 0 0 0 0 0 0 0 0 0 0 0 
0 0 0 0 36783 2378924 0 0 0 0 0 0 4006470 281212 0 3009 1976 0 82311 0 
0 0 3031 0 36222 265117 674593 0 27012 0 0 0 284015 14503 668 0 1040 0 38321 0 
0 0 0 0 4276 2597436 25191 14929 0 0 0 0 0 1609 0 0 11417 0 1117 0 
0 0 0 0 226201 234470 0 0 0 0 0 0 0 0 0 0 3200 0 0 0 
0 0 1000 0 0 4083000 19000 13000 439000 0 7000 0 1066000 234000 637000 128000 11042000 0 3674000 0 
0 0 20149 0 2090 0 2368 0 0 0 0 0 7164898 51729 0 0 0 0 0 0 
0 0 0 0 30909 3067905 0 0 859 0 0 0 690171 6162 0 14262 2949 0 1418 0 
0 0 0 0 3052000 27000 0 0 0 0 0 0 0 1000 0 0 8000 0 0 0 
33855 0 0 0 6605714 603620 0 4991 0 0 9753 1615 23365 6115 686957 4302 149978 0 234530 0 
1936646 0 0 0 180356 1606326 3940 0 1470 0 0 0 811548 129978 0 0 1480 0 4793 0 
0 0 0 0 1724044 776993 0 0 224702 0 0 0 0 146901 440172 48549 841037 0 178127 0 
0 0 0 0 1609739 131782 0 0 219014 0 0 0 0 0 6057837 0 7417 0 15003 0 
0 0 0 0 7686 5234915 2135260 0 0 0 960 0 0 0 0 0 0 0 1508 0 
0 0 0 0 4810 20242056 51078 0 0 0 1529 0 3602979 0 0 0 12439 0 0 0 
0 0 1528 0 4307568 8922715 65371 5065 160316 0 0 40417 0 2525 0 1435 867676 0 1276120 0 
0 0 0 0 2536699 1387693 0 641 58804 0 136355 147140 1926 207871 3848254 0 525392 0 522053 0 
0 0 0 0 2087692 1201636 0 0 1063585 0 0 0 10619 0 779119 10534 0 0 35089 0 
0 0 0 0 1510252 1821533 6880 0 10486 0 0 0 2307968 99456 0 0 32862 0 93973 0 
0 1840 101690 0 10666511 5204970 2452 0 7203537 0 44377 1284167 687520 253805 0 485092 3835671 0 0 0 
0 0 0 0 0 0 0 0 0 0 0 0 0 0 0 0 0 0 0 0 
